0	1	2
0	1	3
0	1	4
0	1	5
0	1	6
0	1	7
0	1	8
0	1	9
0	1	10
0	1	11
12	13	14
12	13	15
12	13	16
12	13	17
12	13	18
12	13	19
12	13	20
12	13	21
12	13	22
23	24	25
23	24	26
23	24	27
23	24	28
29	30	31
29	30	32
29	30	33
29	30	34
29	30	35
29	30	36
29	30	37
29	30	38
29	30	39
29	30	40
41	42	43
41	42	44
41	42	45
41	42	46
41	42	47
41	42	48
41	42	49
41	42	50
41	42	51
41	42	52
53	54	55
53	54	56
53	54	57
53	54	58
59	60	61
59	60	62
59	60	63
59	60	64
59	60	65
59	60	66
59	60	67
68	69	70
68	69	71
68	69	72
68	69	73
68	69	74
68	69	75
68	69	76
68	69	77
68	69	78
68	69	79
80	81	82
80	81	83
80	81	84
80	81	85
80	81	86
80	81	87
80	81	88
80	81	89
80	81	90
80	81	91
92	93	94
92	93	95
92	93	96
92	93	97
92	93	98
92	93	99
92	93	100
92	93	101
102	103	104
102	103	105
102	103	106
102	103	107
102	103	108
102	103	109
102	103	110
102	103	111
102	103	112
102	103	113
114	115	116
117	118	119
117	118	120
117	118	121
117	118	122
117	118	123
117	118	124
125	126	127
125	126	128
125	126	129
125	126	130
125	126	131
125	126	132
125	126	133
125	126	134
125	126	135
125	126	136
137	138	139
137	138	140
137	138	141
137	138	142
137	138	143
137	138	144
137	138	145
137	138	146
137	138	147
137	138	148
149	150	151
149	150	152
149	150	153
149	150	154
149	150	155
149	150	156
149	150	157
149	150	158
149	150	159
160	161	162
160	161	163
160	161	164
160	161	165
160	161	166
160	161	167
160	161	168
160	161	169
160	161	170
160	161	171
172	173	174
172	173	175
172	173	176
172	173	177
172	173	178
172	173	179
172	173	180
172	173	181
172	173	182
172	173	183
184	185	186
184	185	187
184	185	188
184	185	189
184	185	190
184	185	191
184	185	192
184	185	193
184	185	194
184	185	195
196	197	198
196	197	199
196	197	200
196	197	201
196	197	202
196	197	203
196	197	204
196	197	205
196	197	206
196	197	207
208	209	210
208	209	211
208	209	212
208	209	213
214	215	216
214	215	217
214	215	218
214	215	219
214	215	220
214	215	221
214	215	222
214	215	223
214	215	224
214	215	225
226	227	228
226	227	229
226	227	230
226	227	231
226	227	232
226	227	233
226	227	234
226	227	235
226	227	236
226	227	237
238	239	240
238	239	241
238	239	242
238	239	243
238	239	244
238	239	245
238	239	246
238	239	247
238	239	248
238	239	249
250	251	252
250	251	253
250	251	254
250	251	255
250	251	256
250	251	257
250	251	258
250	251	259
250	251	260
250	251	261
262	263	264
262	263	265
262	263	266
262	263	267
262	263	268
262	263	269
262	263	270
262	263	271
262	263	272
262	263	273
274	275	276
274	275	277
274	275	278
274	275	279
274	275	280
274	275	281
274	275	282
274	275	283
274	275	284
274	275	285
286	287	288
286	287	289
286	287	290
286	287	291
286	287	292
286	287	293
286	287	294
286	287	295
286	287	296
286	287	297
298	299	300
298	299	301
298	299	302
298	299	303
298	299	304
298	299	305
298	299	306
298	299	307
298	299	308
298	299	309
298	299	310
298	299	311
312	313	314
312	313	315
312	313	316
312	313	317
312	313	318
312	313	319
312	313	320
312	313	321
312	313	322
312	313	323
324	325	326
324	325	327
324	325	328
324	325	329
324	325	330
324	325	331
324	325	332
324	325	333
324	325	334
324	325	335
336	337	338
336	337	339
336	337	340
336	337	341
342	343	344
342	343	345
342	343	346
342	343	347
342	343	348
342	343	349
342	343	350
342	343	351
342	343	352
342	343	353
354	355	356
354	355	357
354	355	358
354	355	359
354	355	360
354	355	361
354	355	362
354	355	363
354	355	364
354	355	365
366	367	368
366	367	369
366	367	370
366	367	371
366	367	372
366	367	373
366	367	374
366	367	375
366	367	376
366	367	377
378	379	380
378	379	381
378	379	382
378	379	383
378	379	384
378	379	385
378	379	386
378	379	387
378	379	388
389	390	391
389	390	392
389	390	393
389	390	394
389	390	395
389	390	396
389	390	397
389	390	398
389	390	399
389	390	400
401	402	403
401	402	404
401	402	405
401	402	406
401	402	407
401	402	408
409	410	411
409	410	412
409	410	413
409	410	414
409	410	415
409	410	416
409	410	417
409	410	418
409	410	419
409	410	420
421	422	423
421	422	424
421	422	425
421	422	426
421	422	427
428	429	430
428	429	431
428	429	432
428	429	433
428	429	434
428	429	435
428	429	436
428	429	437
428	429	438
428	429	439
440	441	442
440	441	443
440	441	444
440	441	445
440	441	446
440	441	447
440	441	448
440	441	449
440	441	450
451	452	453
451	452	454
451	452	455
451	452	456
451	452	457
458	459	460
458	459	461
458	459	462
458	459	463
464	465	466
464	465	467
464	465	468
464	465	469
464	465	470
464	465	471
464	465	472
473	474	475
473	474	476
473	474	477
478	479	480
478	479	481
478	479	482
478	479	483
478	479	484
478	479	485
478	479	486
478	479	487
478	479	488
478	479	489
490	491	492
490	491	493
490	491	494
490	491	495
490	491	496
490	491	497
490	491	498
490	491	499
490	491	500
490	491	501
502	503	504
502	503	505
502	503	506
502	503	507
502	503	508
502	503	509
502	503	510
502	503	511
502	503	512
502	503	513
502	503	514
502	503	515
502	503	516
502	503	517
502	503	518
502	503	519
502	503	520
502	503	521
502	503	522
502	503	523
502	503	524
502	503	525
502	503	526
502	503	527
502	503	528
502	503	529
530	531	532
530	531	533
530	531	534
530	531	535
530	531	536
530	531	537
530	531	538
530	531	539
530	531	540
530	531	541
542	543	544
542	543	545
542	543	546
542	543	547
542	543	548
542	543	549
542	543	550
542	543	551
542	543	552
542	543	553
554	555	556
554	555	557
554	555	558
554	555	559
554	555	560
554	555	561
554	555	562
554	555	563
554	555	564
554	555	565
566	567	568
566	567	569
566	567	570
566	567	571
566	567	572
566	567	573
566	567	574
566	567	575
566	567	576
566	567	577
578	579	580
581	582	583
581	582	584
581	582	585
581	582	586
581	582	587
581	582	588
581	582	589
581	582	590
581	582	591
581	582	592
581	582	593
581	582	594
581	582	595
596	597	598
596	597	599
600	601	602
603	604	605
603	604	606
603	604	607
603	604	608
603	604	609
603	604	610
603	604	611
612	613	614
612	613	615
612	613	616
612	613	617
612	613	618
612	613	619
612	613	620
612	613	621
612	613	622
612	613	623
612	613	624
612	613	625
626	627	628
626	627	629
630	631	632
630	631	633
630	631	634
630	631	635
630	631	636
630	631	637
630	631	638
630	631	639
640	641	642
640	641	643
640	641	644
640	641	645
640	641	646
640	641	647
640	641	648
649	650	651
649	650	652
649	650	653
649	650	654
649	650	655
649	650	656
649	650	657
649	650	658
649	650	659
649	650	660
661	662	663
661	662	664
661	662	665
661	662	666
661	662	667
661	662	668
661	662	669
661	662	670
661	662	671
661	662	672
673	674	675
673	674	676
673	674	677
673	674	678
673	674	679
673	674	680
673	674	681
673	674	682
673	674	683
673	674	684
685	686	687
685	686	688
685	686	689
685	686	690
691	692	693
691	692	694
691	692	695
691	692	696
691	692	697
691	692	698
691	692	699
691	692	700
691	692	701
691	692	702
691	692	703
691	692	704
705	706	707
705	706	708
705	706	709
705	706	710
705	706	711
705	706	712
705	706	713
705	706	714
705	706	715
705	706	716
717	718	719
717	718	720
717	718	721
717	718	722
717	718	723
717	718	724
717	718	725
717	718	726
717	718	727
717	718	728
729	452	730
729	452	731
729	452	732
729	452	733
729	452	734
729	452	735
729	452	736
729	452	737
729	452	738
729	452	739
729	452	740
741	742	743
741	742	744
745	746	747
745	746	748
745	746	749
745	746	750
745	746	751
745	746	752
745	746	753
745	746	754
745	746	755
745	746	756
745	746	757
758	759	760
758	759	761
758	759	762
758	759	763
758	759	764
758	759	765
758	759	766
767	768	769
767	768	770
767	768	771
767	768	772
767	768	773
767	768	774
767	768	775
767	768	776
767	768	777
767	768	778
779	780	781
779	780	782
779	780	783
779	780	784
779	780	785
779	780	786
779	780	787
779	780	788
779	780	789
779	780	790
791	792	793
791	792	794
791	792	795
791	792	796
791	792	797
791	792	798
791	792	799
791	792	800
791	792	801
791	792	802
803	804	805
803	804	806
803	804	807
803	804	808
809	810	811
809	810	812
809	810	813
809	810	814
809	810	815
809	810	816
817	818	819
817	818	820
817	818	821
817	818	822
817	818	823
817	818	824
817	818	825
817	818	826
817	818	827
817	818	828
829	830	831
829	830	832
829	830	833
829	830	834
829	830	835
829	830	836
829	830	837
829	830	838
829	830	839
829	830	840
829	830	841
829	830	842
829	830	843
829	830	844
829	830	845
829	830	846
829	830	847
829	830	848
829	830	849
829	830	850
829	830	851
829	830	852
829	830	853
829	830	854
829	830	855
829	830	856
829	830	857
829	830	858
829	830	859
860	861	862
860	861	863
860	861	864
860	861	865
860	861	866
867	868	869
867	868	870
867	868	871
872	873	874
872	873	875
872	873	876
872	873	877
878	879	880
878	879	881
878	879	882
878	879	883
878	879	884
878	879	885
878	879	886
878	879	887
878	879	888
878	879	889
890	891	892
890	891	893
890	891	894
890	891	895
890	891	896
897	898	899
897	898	900
897	898	901
897	898	902
897	898	903
897	898	904
897	898	905
897	898	906
897	898	907
897	898	908
909	910	911
909	910	912
909	910	913
909	910	914
909	910	915
909	910	916
909	910	917
909	910	918
909	910	919
909	910	920
921	922	923
924	925	926
924	925	927
924	925	928
924	925	929
924	925	930
924	925	931
924	925	932
924	925	933
924	925	934
924	925	935
936	937	938
936	937	939
936	937	940
936	937	941
936	937	942
936	937	943
936	937	944
936	937	945
936	937	946
936	937	947
948	949	950
948	949	951
948	949	952
948	949	953
948	949	954
948	949	955
948	949	956
948	949	957
948	949	958
948	949	959
948	949	960
948	949	961
948	949	962
948	949	963
948	949	964
948	949	965
948	949	966
566	967	968
566	967	969
566	967	970
971	972	973
971	972	974
971	972	975
971	972	976
971	972	977
971	972	978
971	972	979
971	972	980
971	972	981
971	972	982
983	984	985
983	984	986
983	984	987
983	984	988
989	990	991
989	990	992
989	990	993
989	990	994
989	990	995
989	990	996
989	990	997
989	990	998
989	990	999
989	990	1000
1001	1002	1003
1001	1002	1004
1001	1002	1005
1001	1002	1006
1001	1002	1007
1001	1002	1008
1001	1002	1009
1001	1002	1010
1001	1002	1011
1001	1002	1012
1013	1014	1015
1013	1014	1016
1013	1014	1017
1013	1014	1018
1013	1014	1019
1013	1014	1020
1013	1014	1021
1013	1014	1022
1013	1014	1023
1024	1025	1026
1024	1025	1027
1024	1025	1028
1024	1025	1029
1024	1025	1030
1024	1025	1031
1024	1025	1032
1024	1025	1033
1024	1025	1034
1024	1025	1035
1036	1037	1038
1039	1040	1041
1039	1040	1042
1039	1040	1043
1039	1040	1044
1039	1040	1045
1046	1047	1048
1046	1047	1049
1046	1047	1050
1046	1047	1051
1046	1047	1052
1046	1047	1053
1046	1047	1054
1046	1047	1055
1046	1047	1056
1046	1047	1057
1046	1047	1058
1046	1047	1059
1046	1047	1060
1046	1047	1061
1046	1047	1062
1046	1047	1063
1046	1047	1064
1046	1047	1065
1046	1047	1066
1046	1047	1067
1046	1047	1068
1046	1047	1069
1046	1047	1070
1046	1047	1071
1046	1047	1072
1046	1047	1073
1046	1047	1074
1075	1076	1077
1075	1076	1078
1075	1076	1079
1080	1081	1082
1083	1084	1085
1083	1084	1086
1083	1084	1087
1083	1084	1088
1083	1084	1089
1083	1084	1090
1083	1084	1091
1083	1084	1092
1083	1084	1093
1083	1084	1094
1095	1096	1097
1095	1096	1098
1095	1096	1099
1095	1096	1100
1095	1096	1101
1095	1096	1102
1095	1096	1103
1095	1096	1104
1095	1096	1105
1095	1096	1106
1107	1108	1109
1107	1108	1110
1107	1108	1111
1107	1108	1112
1113	1114	1115
1113	1114	1116
1113	1114	1117
1113	1114	1118
1113	1114	1119
1120	1121	1122
1120	1121	1123
1120	1121	1124
1120	1121	1125
1120	1121	1126
1120	1121	1127
1120	1121	1128
1120	1121	1129
1120	1121	1130
1120	1121	1131
1132	1133	1134
1132	1133	1135
1132	1133	1136
1132	1133	1137
1132	1133	1138
1132	1133	1139
1132	1133	1140
1132	1133	1141
1132	1133	1142
1132	1133	1143
1144	1145	1146
1144	1145	1147
1144	1145	1148
1144	1145	1149
1144	1145	1150
1144	1145	1151
1144	1145	1152
1144	1145	1153
1144	1145	1154
1144	1145	1155
1156	1157	1158
1156	1157	1159
1156	1157	1160
1156	1157	1161
1156	1157	1162
1156	1157	1163
1156	1157	1164
1156	1157	1165
1156	1157	1166
1156	1157	1167
1168	1169	1170
1168	1169	1171
1168	1169	1172
1168	1169	1173
1168	1169	1174
1168	1169	1175
1168	1169	1176
1168	1169	1177
1168	1169	1178
1168	1169	1179
1180	1181	1182
1180	1181	1183
1180	1181	1184
1180	1181	1185
1180	1181	1186
1180	1181	1187
1180	1181	1188
1180	1181	1189
1180	1181	1190
1180	1181	1191
1192	1193	1194
1195	1196	1197
1195	1196	1198
1195	1196	1199
1195	1196	1200
1195	1196	1201
1195	1196	1202
1195	1196	1203
1195	1196	1204
1195	1196	1205
1195	1196	1206
1207	1208	1209
1207	1208	1210
1207	1208	1211
1207	1208	1212
1207	1208	1213
1207	1208	1214
1207	1208	1215
1207	1208	1216
1207	1208	1217
1207	1208	1218
1219	1220	1221
1219	1220	1222
1219	1220	1223
1219	1220	1224
1219	1220	1225
1219	1220	1226
1219	1220	1227
1219	1220	1228
1219	1220	1229
1219	1220	1230
1231	1232	1233
1234	1235	1236
1234	1235	1237
1234	1235	1238
1234	1235	1239
1234	1235	1240
1241	1242	1243
1241	1242	1244
1241	1242	1245
1246	1247	1248
1246	1247	1249
1246	1247	1250
1246	1247	1251
1246	1247	1252
1246	1247	1253
1246	1247	1254
1246	1247	1255
1246	1247	1256
1246	1247	1257
1258	1259	1260
1258	1259	1261
1258	1259	1262
1258	1259	1263
1258	1259	1264
1258	1259	1265
1258	1259	1266
1258	1259	1267
1258	1259	1268
1258	1259	1269
1270	452	1271
1270	452	1272
1270	452	1273
1270	452	1274
1270	452	1275
1270	452	1276
1270	452	1277
1270	452	1278
1270	452	1279
1270	452	1280
1281	1282	1283
1281	1282	1284
1281	1282	1285
1281	1282	1286
1281	1282	1287
1281	1282	1288
1281	1282	1289
1281	1282	1290
1281	1282	1291
1281	1282	1292
1293	1294	1295
1293	1294	1296
1293	1294	1297
1293	1294	1298
1299	1300	1301
1299	1300	1302
1299	1300	1303
1299	1300	1304
1299	1300	1305
1306	1307	1308
1306	1307	1309
1306	1307	1310
1306	1307	1311
1306	1307	1312
1306	1307	1313
1306	1307	1314
1306	1307	1315
1306	1307	1316
1306	1307	1317
1318	1319	1320
1318	1319	1321
1318	1319	1322
1318	1319	1323
1318	1319	1324
1318	1319	1325
1318	1319	1326
1318	1319	1327
1318	1319	1328
1329	1330	1331
1329	1330	1332
1329	1330	1333
1329	1330	1334
1329	1330	1335
1329	1330	1336
1329	1330	1337
1329	1330	1338
1329	1330	1339
1340	1341	1342
1340	1341	1343
1340	1341	1344
1340	1341	1345
1340	1341	1346
1340	1341	1347
1340	1341	1348
1340	1341	1349
1340	1341	1350
1340	1341	1351
1352	452	1353
1352	452	1354
1352	452	1355
1352	452	1356
1352	452	1357
1358	1359	1360
1358	1359	1361
1358	1359	1362
1358	1359	1363
1358	1359	1364
1358	1359	1365
1358	1359	1366
1358	1359	1367
1358	1359	1368
1358	1359	1369
1358	1359	1370
1358	1359	1371
1358	1359	1372
1358	1359	1373
1358	1359	1374
1358	1359	1375
1358	1359	1376
1358	1359	1377
1358	1359	1378
1358	1359	1379
1358	1359	1380
1358	1359	1381
1358	1359	1382
1358	1359	1383
1358	1359	1384
1358	1359	1385
1358	1359	1386
1358	1359	1387
1358	1359	1388
1358	1359	1389
1358	1359	1390
1358	1359	1391
1358	1359	1392
1358	1359	1393
1358	1359	1394
1358	1359	1395
1358	1359	1396
1358	1359	1397
1358	1359	1398
1358	1359	1399
1358	1359	1400
1358	1359	1401
1358	1359	1402
1358	1359	1403
1404	1405	1406
1404	1405	1407
1404	1405	1408
1404	1405	1409
1404	1405	1410
1411	1412	1413
1411	1412	1414
1415	1416	1417
1415	1416	1418
1415	1416	1419
1415	1416	1420
1415	1416	1421
1415	1416	1422
1415	1416	1423
1415	1416	1424
1415	1416	1425
1415	1416	1426
1427	1428	1429
1427	1428	1430
1427	1428	1431
1427	1428	1432
1427	1428	1433
1427	1428	1434
1427	1428	1435
1427	1428	1436
1427	1428	1437
1438	1439	1440
1438	1439	1441
1438	1439	1442
1438	1439	1443
1438	1439	1444
1438	1439	1445
1438	1439	1446
1438	1439	1447
1438	1439	1448
1438	1439	1449
1450	1451	1452
1450	1451	1453
1450	1451	1454
1450	1451	1455
1450	1451	1456
1450	1451	374
1450	1451	1457
1450	1451	1458
1450	1451	1459
1450	1451	1460
1461	1462	1463
1461	1462	1464
1461	1462	1465
1466	1467	1468
1466	1467	1469
1466	1467	1470
1466	1467	1471
1466	1467	1472
1466	1467	1473
1474	1475	1476
1474	1475	1477
1474	1475	1478
1474	1475	1479
1474	1475	1480
1474	1475	1481
1474	1475	1482
1474	1475	1483
1474	1475	1484
1474	1475	1485
1486	1487	1488
1486	1487	1489
1486	1487	1490
1486	1487	1491
1486	1487	1492
1486	1487	1493
1486	1487	1494
1486	1487	1495
1486	1487	1496
1486	1487	1497
1498	1499	1500
1498	1499	1501
1498	1499	1502
1503	1504	1505
1503	1504	1506
1507	1508	1509
1507	1508	1510
1507	1508	1511
1507	1508	1512
1507	1508	1513
1507	1508	1514
1507	1508	1515
1507	1508	1516
1507	1508	1517
1507	1508	1518
1519	1520	1521
1519	1520	1522
1519	1520	1523
1519	1520	1524
1519	1520	1525
1519	1520	1526
1519	1520	1527
1519	1520	1528
1519	1520	1529
1519	1520	1530
1531	1532	1533
1531	1532	1534
1531	1532	1535
1531	1532	1536
1531	1532	1537
1531	1532	1538
1539	1540	1541
1539	1540	1542
1539	1540	1543
1539	1540	1544
1539	1540	1545
1539	1540	1546
1539	1540	1547
1539	1540	1548
1539	1540	1549
1539	1540	1550
1551	1552	1553
1551	1552	1554
1551	1552	1555
1551	1552	1556
1557	1558	1559
1557	1558	1560
1557	1558	1561
1557	1558	1562
1563	1564	1565
1563	1564	1566
1563	1564	1567
1563	1564	1568
1563	1564	1569
1563	1564	1570
1563	1564	1571
1563	1564	1572
1563	1564	1573
1563	1564	1574
1575	1576	1577
1575	1576	1578
1575	1576	1579
1575	1576	1580
1575	1576	1581
1575	1576	1582
1575	1576	1583
1575	1576	1584
1575	1576	1585
1575	1576	1586
1587	452	1588
1589	1590	1591
1589	1590	1592
1589	1590	1593
1589	1590	1594
1589	1590	1595
1589	1590	1596
1589	1590	1597
1589	1590	1598
1589	1590	1599
1589	1590	1600
1601	1602	1603
1601	1602	1604
1605	1606	1607
1605	1606	1608
1605	1606	1609
1605	1606	1610
1605	1606	1611
1612	1613	1614
1612	1613	1615
1612	1613	1616
1612	1613	1617
1612	1613	1618
1612	1613	1619
1612	1613	1620
1612	1613	1621
1612	1613	1622
1612	1613	1623
1624	1625	1626
1624	1625	1627
1624	1625	1628
1624	1625	1629
1624	1625	1630
1624	1625	1631
1624	1625	1632
1624	1625	1633
1624	1625	1634
1624	1625	1635
1636	1637	1638
1636	1637	1639
1636	1637	1640
1636	1637	1641
1636	1637	1642
1636	1637	1643
1636	1637	1644
1636	1637	1645
1636	1637	1646
1636	1637	1647
1648	1649	1650
1648	1649	1651
1648	1649	1652
1648	1649	1653
1648	1649	1654
1648	1649	1655
1648	1649	1656
1648	1649	1657
1648	1649	1658
1648	1649	1659
1660	1661	1662
1660	1661	1663
1660	1661	1664
1665	1666	1667
1665	1666	1668
1665	1666	1669
1665	1666	1670
1665	1666	1671
1665	1666	1672
1665	1666	1673
1665	1666	1674
1665	1666	1675
1665	1666	1676
1677	1678	1679
1677	1678	1680
1677	1678	1681
1677	1678	1682
1677	1678	1683
1677	1678	1684
1677	1678	1685
1677	1678	1686
1687	1688	1689
1687	1688	1690
1687	1688	1691
1687	1688	1692
1693	1694	1695
1693	1694	1696
1693	1694	1697
1693	1694	1698
1693	1694	1699
1693	1694	1700
1693	1694	1701
1693	1694	1702
1693	1694	1703
1704	1705	1706
1704	1705	1707
1704	1705	1708
1704	1705	1709
1704	1705	1710
1704	1705	1711
1704	1705	1712
1704	1705	1713
1704	1705	1714
1704	1705	1715
1704	1705	1716
1704	1705	1717
1704	1705	1718
1704	1705	1719
1704	1705	1720
1704	1705	1721
1704	1705	1722
1704	1705	1723
1704	1705	1724
1704	1705	1725
1704	1705	1726
1704	1705	1727
1704	1705	1728
1704	1705	1729
1704	1705	1730
1704	1705	1731
1704	1705	1732
1704	1705	1733
1704	1705	1734
1735	1736	1737
1738	1739	1740
1738	1739	1741
1738	1739	1742
1738	1739	1743
1744	1745	1746
1744	1745	1747
1744	1745	1748
1744	1745	1749
1744	1745	1750
1744	1745	1751
1744	1745	1752
1744	1745	1753
1744	1745	1754
1744	1745	1755
1756	1757	1758
1756	1757	1759
1756	1757	1760
1756	1757	374
1756	1757	1761
1756	1757	1762
1756	1757	1763
1756	1757	1764
1756	1757	1765
1756	1757	1766
1767	1768	1769
1767	1768	1770
1767	1768	1771
1767	1768	1772
1767	1768	1773
1767	1768	1774
1767	1768	1775
1767	1768	1776
1767	1768	1777
1767	1768	1778
1779	1780	1781
1779	1780	1782
1779	1780	1783
1779	1780	1784
1779	1780	1785
1779	1780	1786
1787	1788	1789
1787	1788	1790
1787	1788	1791
1787	1788	1792
1787	1788	1793
1787	1788	1794
1795	1796	1797
1795	1796	1798
1795	1796	1799
1795	1796	1800
1795	1796	1801
1795	1796	1802
1795	1796	1803
1795	1796	1804
1795	1796	1805
1795	1796	1806
1807	1808	1809
1810	1811	1812
1810	1811	1813
1810	1811	1814
1810	1811	1815
1810	1811	1816
1810	1811	1817
1810	1811	1818
1810	1811	1819
1810	1811	1820
1810	1811	1821
1822	1823	1824
1822	1823	1825
1822	1823	1826
1822	1823	1827
1822	1823	1828
1829	1830	1831
1829	1830	1832
1829	1830	1833
1829	1830	1834
1829	1830	1835
1829	1830	1836
1829	1830	1837
1829	1830	1838
1829	1830	1839
1829	1830	1840
1841	1842	1843
1841	1842	1844
1841	1842	1845
1841	1842	1846
1841	1842	1847
1841	1842	1848
1841	1842	1849
1841	1842	1850
1841	1842	1851
1841	1842	1852
1841	1842	1853
1841	1842	1854
1841	1842	1855
1841	1842	1856
1841	1842	1857
1841	1842	1858
1841	1842	1859
1841	1842	1860
1841	1842	1861
1841	1842	1862
1863	1864	1865
1863	1864	1866
1863	1864	1867
1863	1864	1868
1863	1864	1869
1863	1864	1870
1863	1864	1871
1863	1864	1872
1863	1864	1873
1863	1864	1874
1875	1876	1877
1875	1876	1878
1875	1876	1879
1875	1876	1880
1875	1876	1881
1875	1876	1882
1875	1876	1883
1875	1876	1884
1875	1876	1885
1886	1887	1888
1886	1887	1889
1886	1887	1890
1886	1887	1891
1886	1887	1892
1886	1887	1893
1886	1887	1894
1886	1887	1895
1886	1887	1896
1897	1898	1899
1897	1898	1900
1897	1898	1901
1897	1898	1902
1897	1898	1903
1897	1898	1904
1897	1898	1905
1897	1898	1906
1897	1898	1907
1897	1898	1908
1909	1910	1911
1909	1910	1912
1909	1910	1913
1914	1915	1916
1914	1915	1917
1914	1915	1918
1914	1915	1919
1920	1921	1922
1920	1921	1923
1920	1921	1924
1920	1921	1925
1920	1921	1926
1920	1921	1927
1920	1921	1928
1920	1921	1929
1920	1921	1930
1920	1921	1931
1932	1933	1934
1935	1936	1937
1935	1936	1938
1935	1936	1939
1935	1936	1940
1935	1936	1941
1935	1936	1942
1935	1936	1943
1944	1945	1946
1944	1945	1947
1944	1945	1948
1944	1945	1949
1944	1945	1950
1944	1945	1951
1944	1945	1952
1944	1945	1953
1944	1945	1954
1944	1945	1955
1944	1945	1956
1944	1945	1957
1944	1945	1958
1944	1945	1959
1944	1945	1960
1944	1945	1961
1944	1945	1962
1944	1945	1963
1944	1945	1964
1944	1945	1965
1944	1945	1966
1967	1968	1969
1967	1968	1970
1967	1968	1971
1967	1968	1972
1967	1968	1973
1967	1968	1974
1967	1968	1975
1967	1968	1976
1967	1968	1977
1978	1979	1980
1978	1979	1981
1978	1979	1982
1983	1984	1985
1983	1984	1986
1983	1984	1987
1983	1984	1988
1983	1984	1989
1983	1984	1990
1983	1984	1991
1983	1984	1992
1983	1984	1993
1983	1984	1994
1995	1996	1997
1995	1996	1998
1995	1996	1999
1995	1996	2000
1995	1996	2001
2002	2003	2004
2002	2003	2005
2002	2003	2006
2002	2003	2007
2002	2003	2008
2002	2003	2009
2002	2003	2010
2002	2003	2011
2002	2003	2012
2002	2003	2013
2014	2015	2016
2014	2015	2017
2014	2015	2018
2014	2015	2019
2014	2015	2020
2014	2015	2021
2014	2015	2022
2023	2024	2025
2023	2024	2026
2023	2024	2027
2028	2029	2030
2031	2032	2033
2031	2032	2034
2031	2032	2035
2031	2032	2036
2031	2032	2037
2031	2032	2038
2031	2032	2039
2031	2032	2040
2031	2032	2041
2031	2032	2042
2043	2044	2045
2043	2044	2046
2043	2044	2047
2043	2044	2048
2043	2044	2049
2043	2044	2050
2043	2044	2051
2043	2044	2052
2043	2044	2053
2054	2055	2056
2054	2055	2057
2054	2055	2058
2054	2055	2059
2054	2055	2060
2054	2055	2061
2054	2055	2062
2054	2055	2063
2054	2055	2064
2054	2055	2065
2066	2067	2068
2066	2067	2069
2066	2067	2070
2066	2067	2071
2066	2067	2072
2066	2067	2073
2066	2067	2074
2066	2067	2075
2066	2067	2076
2066	2067	2077
2078	2079	2080
2078	2079	2081
2078	2079	2082
2078	2079	2083
2078	2079	2084
2078	2079	2085
2086	2087	2088
2086	2087	2089
2086	2087	2090
2086	2087	2091
2092	2093	2094
2092	2093	2095
2092	2093	2096
2092	2093	2097
2098	2099	2100
2098	2099	2101
2098	2099	2102
2098	2099	2103
2098	2099	2104
2098	2099	2105
2098	2099	2106
2098	2099	2107
2098	2099	2108
2098	2099	2109
2110	2111	2112
2110	2111	2113
2110	2111	2114
2110	2111	2115
2110	2111	2116
2110	2111	2117
2110	2111	2118
2110	2111	2119
2110	2111	2120
2110	2111	2121
2122	2123	2124
2122	2123	2125
2122	2123	2126
2122	2123	2127
2122	2123	2128
2122	2123	2129
2122	2123	2130
2122	2123	2131
2122	2123	2132
2122	2123	2133
2134	2135	2136
2134	2135	2137
2134	2135	2138
2134	2135	2139
2134	2135	2140
2134	2135	2141
2134	2135	2142
2134	2135	2143
2144	2145	2146
2144	2145	2147
2144	2145	2148
2144	2145	2149
2144	2145	2150
2144	2145	2151
2144	2145	2152
2144	2145	2153
2144	2145	2154
2144	2145	2155
2156	2157	2158
2156	2157	2159
2156	2157	2160
2156	2157	2161
2156	2157	2162
2156	2157	2163
2156	2157	2164
2156	2157	2165
2156	2157	2166
2156	2157	2167
2168	2169	2170
2168	2169	2171
2168	2169	2172
2168	2169	2173
2168	2169	2174
2168	2169	2175
2168	2169	2176
2168	2169	2177
2168	2169	2178
2168	2169	2179
2180	2181	2182
2180	2181	2183
2180	2181	2184
2180	2181	2185
2186	2187	2188
2186	2187	2189
2186	2187	2190
2186	2187	2191
2186	2187	2192
2186	2187	2193
2186	2187	2194
2186	2187	2195
2186	2187	2196
2186	2187	2197
2198	2199	2200
2198	2199	2201
2198	2199	2202
2198	2199	2203
2198	2199	2204
2198	2199	2205
2198	2199	2206
2198	2199	2207
2198	2199	2208
2198	2199	2209
2198	2199	2210
2198	2199	2211
2198	2199	2212
2213	2214	2215
2213	2214	2216
2213	2214	2217
2213	2214	2218
2213	2214	2219
2213	2214	2220
2213	2214	2221
2213	2214	2222
2213	2214	2223
2213	2214	2224
2225	2226	2227
2225	2226	2228
2225	2226	2229
2225	2226	2230
2225	2226	2231
2225	2226	2232
2225	2226	2233
2225	2226	2234
2225	2226	2235
2225	2226	2236
2237	2238	2239
2237	2238	2240
2237	2238	2241
2237	2238	2242
2243	2244	2245
2243	2244	2246
2243	2244	2247
2243	2244	2248
2243	2244	2249
2243	2244	2250
2243	2244	2251
2243	2244	2252
2243	2244	2253
2254	2255	2256
2254	2255	2257
2254	2255	2258
2254	2255	2259
2254	2255	2260
2254	2255	2261
2254	2255	2262
2254	2255	2263
2254	2255	2264
2254	2255	2265
2266	2267	2268
2266	2267	2269
2266	2267	2270
2266	2267	2271
2266	2267	2272
2266	2267	2273
2266	2267	2274
2266	2267	2275
2266	2267	2276
2266	2267	2277
2278	2279	2280
2278	2279	2281
2278	2279	2282
2278	2279	2283
2278	2279	2284
2278	2279	2285
2278	2279	2286
2278	2279	2287
2278	2279	2288
2278	2279	2289
2290	2291	2292
2290	2291	2293
2290	2291	2294
2290	2291	2295
2290	2291	2296
2290	2291	2297
2290	2291	2298
2290	2291	2299
2290	2291	2300
2290	2291	2301
2302	2303	2304
2302	2303	2305
2302	2303	2306
2307	2308	2309
2307	2308	2310
2307	2308	2311
2307	2308	2312
2307	2308	2313
2307	2308	2314
2307	2308	2315
2307	2308	2316
2307	2308	2317
2307	2308	2318
2319	2320	2321
2319	2320	2322
2323	2324	2325
2323	2324	2326
2323	2324	2327
2323	2324	2328
2323	2324	2329
2323	2324	2330
2323	2324	2331
2323	2324	2332
2323	2324	2333
2323	2324	2334
2335	2336	2337
2335	2336	2338
2335	2336	2339
2335	2336	2340
2335	2336	2341
2335	2336	2342
2335	2336	2343
2335	2336	2344
2335	2336	2345
2335	2336	2346
2347	2348	2349
2347	2348	2350
2347	2348	2351
2347	2348	2352
2347	2348	2353
2347	2348	2354
2347	2348	2355
2347	2348	2356
2347	2348	2357
2347	2348	2358
2359	2360	2361
2359	2360	2362
2359	2360	2363
2359	2360	2364
2359	2360	2365
2359	2360	2366
2359	2360	2367
2359	2360	2368
2359	2360	2369
2359	2360	2370
2371	2372	2373
2371	2372	2374
2371	2372	2375
2371	2372	2376
2377	2378	2379
2377	2378	2380
2377	2378	2381
2377	2378	2382
2377	2378	2383
2377	2378	2384
2377	2378	2385
2377	2378	2386
2377	2378	2387
2377	2378	2388
2389	2390	2391
2389	2390	2392
2389	2390	2393
2389	2390	2394
2389	2390	2395
2389	2390	2396
2389	2390	2397
2389	2390	2398
2389	2390	2399
2389	2390	2400
2401	2402	2403
2401	2402	2404
2401	2402	2405
2401	2402	2406
2401	2402	2407
2401	2402	2408
2409	2410	2411
2409	2410	2412
2409	2410	2413
2409	2410	2414
2409	2410	2415
2409	2410	2416
2409	2410	2417
2409	2410	2418
2409	2410	2419
2409	2410	2420
2409	2410	2421
2409	2410	2422
2409	2410	2423
2409	2410	2424
2409	2410	2425
2409	2410	2426
2409	2410	2427
2409	2410	2428
2409	2410	2429
2409	2410	2430
2409	2410	2431
2409	2410	2432
2409	2410	2433
2434	2435	2436
2434	2435	2437
2434	2435	2438
2434	2435	2439
2434	2435	2440
2434	2435	2441
2434	2435	2442
2434	2435	2443
2444	2445	2446
2444	2445	2447
2444	2445	2448
2444	2445	2449
2444	2445	2450
2451	2452	2453
2451	2452	2454
2451	2452	2455
2451	2452	2456
2451	2452	2457
2451	2452	2458
2451	2452	2459
2451	2452	2460
2451	2452	2461
2451	2452	2462
2463	2464	2465
2463	2464	2466
2463	2464	2467
2463	2464	2468
2463	2464	2469
2463	2464	2470
2463	2464	2471
2463	2464	2472
2463	2464	2473
2463	2464	2474
2475	2476	2477
2475	2476	2478
2475	2476	2479
2475	2476	2480
2475	2476	2481
2482	2483	2484
2482	2483	2485
2482	2483	2486
2482	2483	2487
2482	2483	2488
2482	2483	2489
2482	2483	2490
2482	2483	2491
2482	2483	2492
2482	2483	2493
2494	2495	2496
2494	2495	2497
2494	2495	2498
2494	2495	2499
2494	2495	2500
2494	2495	2501
2502	2503	2504
2502	2503	2505
2502	2503	2506
2502	2503	2507
2502	2503	2508
2509	2510	2511
2509	2510	2512
2509	2510	2513
2509	2510	2514
2509	2510	2515
2509	2510	2516
2509	2510	2517
2509	2510	2518
2509	2510	2519
2509	2510	2520
2521	2522	2523
2521	2522	2524
2521	2522	2525
2521	2522	2526
2521	2522	2527
2521	2522	2528
2521	2522	2529
2521	2522	2530
2521	2522	2531
2521	2522	2532
2533	2534	2535
2536	2537	2538
2536	2537	2539
2536	2537	2540
2536	2537	2541
2536	2537	2542
2543	2544	2545
2543	2544	2546
2543	2544	2547
2543	2544	2548
2549	2550	2551
2549	2550	2552
2549	2550	2553
2549	2550	2554
2549	2550	2555
2549	2550	2556
2549	2550	2557
2549	2550	2558
2549	2550	2559
2549	2550	2560
2561	2562	2563
2561	2562	2564
2561	2562	2565
2561	2562	2566
2561	2562	2567
2561	2562	2568
2561	2562	2569
2561	2562	2570
2561	2562	2571
2561	2562	2572
2573	2574	2575
2576	2577	2578
2576	2577	2579
2576	2577	2580
2576	2577	2581
2576	2577	2582
2576	2577	2583
2576	2577	2584
2576	2577	2585
2576	2577	2586
2576	2577	2587
2576	2577	2588
2576	2577	2589
2576	2577	2590
2576	2577	2591
2576	2577	2592
2576	2577	2593
2576	2577	2594
2576	2577	2595
2576	2577	2596
2576	2577	2597
2576	2577	2598
2576	2577	2599
2576	2577	2600
2576	2577	2601
2576	2577	2602
2576	2577	2603
2604	2605	2606
2604	2605	2607
2604	2605	2608
2604	2605	2609
2604	2605	2610
2604	2605	2611
2604	2605	2612
2604	2605	2613
2604	2605	2614
2604	2605	2615
2604	2605	2616
2604	2605	2617
2604	2605	2618
2604	2605	2619
2604	2605	2620
2604	2605	2621
2604	2605	2622
2604	2605	2623
2604	2605	2624
2604	2605	2625
2604	2605	2626
2604	2605	2627
2604	2605	2628
2604	2605	2629
2604	2605	2630
2604	2605	2631
2632	2633	2634
2632	2633	2635
2632	2633	2636
2632	2633	2637
2632	2633	2638
2632	2633	2639
2632	2633	2640
2632	2633	2641
2632	2633	2642
2632	2633	2643
2644	2645	2646
2644	2645	2647
2644	2645	2648
2644	2645	2649
2644	2645	2650
2651	2652	2653
2651	2652	2654
2651	2652	2655
2651	2652	2656
2651	2652	2657
2658	2659	2660
2658	2659	2661
2658	2659	2662
2658	2659	2663
2658	2659	2664
2658	2659	2665
2658	2659	2666
2658	2659	2667
2658	2659	2668
2658	2659	2669
2670	2671	2672
2670	2671	2673
2670	2671	2674
2670	2671	2675
2670	2671	2676
2670	2671	2677
2670	2671	2678
2670	2671	2679
2670	2671	2680
2681	2682	2683
2681	2682	2684
2681	2682	2685
2681	2682	2686
2681	2682	2687
2681	2682	2688
2689	2690	2691
2689	2690	2692
2689	2690	2693
2689	2690	2694
2689	2690	2695
2689	2690	2696
2689	2690	2697
2689	2690	2698
2689	2690	2699
2689	2690	2700
2701	2702	2703
2701	2702	2704
2701	2702	2705
2701	2702	2706
2701	2702	2707
2701	2702	2708
2701	2702	2709
2701	2702	2710
2701	2702	2711
2701	2702	2712
2713	2714	2715
2713	2714	2716
2713	2714	2717
2713	2714	2718
2713	2714	2719
2713	2714	2720
2713	2714	2721
2713	2714	2722
2713	2714	2723
2713	2714	2724
2725	2726	2727
2725	2726	2728
2725	2726	2729
2725	2726	2730
2725	2726	2731
2725	2726	2732
2733	2734	2735
2733	2734	2736
2733	2734	2737
2733	2734	2738
2733	2734	2739
2733	2734	2740
2733	2734	2741
2733	2734	2742
2733	2734	2743
2733	2734	2744
2745	2746	2747
2745	2746	2748
2745	2746	2749
2745	2746	2750
2745	2746	2751
2745	2746	2752
2745	2746	2753
2745	2746	2754
2745	2746	2755
2745	2746	2756
2757	2758	2759
2757	2758	2760
2757	2758	2761
2757	2758	2762
2757	2758	2763
2757	2758	2764
2757	2758	2765
2757	2758	2766
2757	2758	2767
2757	2758	2768
2769	2770	2771
2769	2770	2772
2769	2770	2773
2769	2770	2774
2769	2770	2775
2769	2770	2776
2769	2770	2777
2769	2770	2778
2769	2770	2779
2769	2770	2780
2781	2782	2783
2781	2782	2784
2781	2782	2785
2781	2782	2786
2787	2788	2789
2787	2788	2790
2787	2788	2791
2792	2793	2794
2792	2793	2795
2792	2793	2796
2792	2793	2797
2792	2793	2798
2792	2793	2799
2800	2801	2802
2800	2801	2803
2800	2801	2804
2800	2801	2805
2800	2801	2806
2800	2801	2807
2808	2809	2810
2808	2809	2811
2812	2813	2814
2812	2813	2815
2812	2813	2816
2812	2813	2817
2812	2813	2818
2812	2813	2819
2812	2813	2820
2812	2813	2821
2812	2813	2822
2812	2813	2823
2824	2825	2826
2824	2825	2827
2824	2825	2828
2824	2825	2829
2824	2825	2830
2824	2825	2831
2824	2825	2832
2824	2825	2833
2824	2825	2834
2824	2825	2835
2836	2837	2838
2836	2837	2839
2836	2837	2840
2836	2837	2841
2836	2837	2842
2836	2837	2843
2836	2837	2844
2836	2837	2845
2836	2837	2846
2836	2837	2847
2848	2849	2850
2848	2849	2851
2848	2849	2852
2848	2849	2853
2848	2849	2854
2848	2849	2855
2848	2849	2856
2848	2849	2857
2848	2849	2858
2848	2849	2859
2860	2861	2862
2860	2861	2863
2860	2861	2864
2860	2861	2865
2860	2861	2866
2860	2861	2867
2860	2861	2868
2860	2861	2869
2860	2861	2870
2860	2861	2871
2872	2873	2874
2872	2873	2875
2872	2873	2876
2872	2873	2877
2872	2873	2878
2872	2873	2879
2872	2873	2880
2872	2873	2881
2872	2873	2882
2872	2873	2883
2884	2885	2886
2884	2885	2887
2884	2885	2888
2884	2885	2889
2884	2885	2890
2884	2885	2891
2884	2885	2892
2884	2885	2893
2884	2885	2894
2884	2885	2895
2896	2897	2898
2899	2900	2901
2899	2900	2902
2899	2900	2903
2904	2905	2906
2904	2905	2907
2904	2905	2908
2904	2905	2909
2904	2905	2910
2904	2905	2911
2904	2905	2912
2904	2905	2913
2914	2915	2916
2914	2915	2917
2914	2915	2918
2914	2915	2919
2914	2915	2920
2914	2915	2921
2914	2915	2922
2914	2915	2923
2914	2915	2924
2914	2915	2925
2926	2927	2928
2926	2927	2929
2926	2927	2930
2926	2927	2931
2926	2927	2932
2926	2927	2933
2926	2927	2934
2926	2927	2935
2926	2927	2936
2926	2927	2937
2938	2939	2940
2938	2939	2941
2938	2939	2942
2938	2939	2943
2938	2939	2944
2938	2939	2945
2938	2939	2946
2938	2939	2947
2948	2949	2950
2948	2949	2951
2948	2949	2952
2948	2949	2953
2948	2949	2954
2948	2949	2955
2948	2949	2956
2948	2949	2957
2948	2949	2958
2948	2949	2959
2960	2961	2962
2960	2961	2963
2960	2961	2964
2960	2961	2965
2960	2961	2966
2960	2961	2967
2960	2961	2968
2969	2970	2971
2969	2970	2972
2969	2970	2973
2969	2970	2974
2969	2970	2975
2969	2970	2976
2969	2970	2977
2969	2970	2978
2969	2970	2979
2969	2970	2980
2981	2982	2983
2981	2982	2984
2981	2982	2985
2981	2982	2986
2981	2982	2987
2981	2982	2988
2981	2982	2989
2990	2991	2992
2990	2991	2993
2990	2991	2994
2990	2991	2995
2990	2991	2996
2990	2991	2997
2990	2991	2998
2990	2991	2999
2990	2991	3000
2990	2991	3001
2990	2991	3002
3003	3004	3005
3003	3004	3006
3003	3004	3007
3003	3004	3008
3003	3004	3009
3003	3004	3010
3003	3004	3011
3003	3004	3012
3003	3004	3013
3003	3004	3014
3003	3004	3015
3003	3004	3016
3003	3004	3017
3018	3019	3020
3018	3019	3021
3018	3019	3022
3018	3019	3023
3018	3019	3024
3018	3019	3025
3018	3019	3026
3018	3019	3027
3018	3019	3028
3018	3019	3029
3030	3031	3032
3030	3031	3033
3030	3031	3034
3030	3031	3035
3030	3031	3036
3030	3031	3037
3030	3031	3038
3039	3040	3041
3039	3040	3042
3039	3040	3043
3039	3040	3044
3039	3040	3045
3039	3040	3046
3039	3040	3047
3039	3040	3048
3039	3040	3049
3039	3040	3050
3039	3040	3051
3052	3053	3054
3055	3056	3057
3055	3056	3058
3055	3056	3059
3055	3056	3060
3055	3056	3061
3055	3056	3062
3055	3056	3063
3055	3056	3064
3055	3056	3065
3055	3056	3066
3067	3068	3069
3067	3068	3070
3067	3068	3071
3067	3068	3072
3067	3068	3073
3067	3068	3074
3067	3068	3075
3067	3068	3076
3067	3068	3077
3067	3068	3078
3079	3080	3081
3079	3080	3082
3079	3080	3083
3079	3080	3084
3079	3080	3085
3079	3080	3086
3079	3080	3087
3079	3080	3088
3079	3080	3089
3079	3080	3090
3091	3092	3093
3091	3092	3094
3091	3092	3095
3091	3092	3096
3091	3092	3097
3091	3092	3098
3091	3092	3099
3091	3092	3100
3091	3092	3101
3091	3092	3102
3103	3104	3105
3103	3104	3106
3107	3108	3109
3107	3108	3110
3107	3108	3111
3107	3108	3112
3107	3108	3113
3107	3108	3114
3107	3108	3115
3107	3108	3116
3107	3108	3117
3107	3108	3118
3119	3120	3121
3119	3120	3122
3119	3120	3123
3119	3120	3124
3119	3120	3125
3119	3120	3126
3119	3120	3127
3119	3120	3128
3119	3120	3129
3119	3120	3130
3131	3132	3133
3131	3132	3134
3131	3132	3135
3131	3132	3136
3137	3138	203
3137	3138	3139
3137	3138	3140
3137	3138	3141
3137	3138	3142
3137	3138	638
3137	3138	3143
3137	3138	3144
3137	3138	3145
3137	3138	3146
3147	3148	3149
3147	3148	3150
3147	3148	3151
3147	3148	3152
3147	3148	3153
3147	3148	3154
3147	3148	3155
3147	3148	3156
3147	3148	3157
3147	3148	3158
3159	3160	3161
3159	3160	3162
3159	3160	3163
3159	3160	3164
3159	3160	3165
3159	3160	3166
3159	3160	3167
3159	3160	3168
3159	3160	3169
3159	3160	3170
3171	3172	3173
3171	3172	3174
3171	3172	3175
3171	3172	3176
3171	3172	3177
3171	3172	3178
3171	3172	3179
3171	3172	3180
3171	3172	3181
3171	3172	3182
3183	3184	3185
3183	3184	3186
3183	3184	3187
3183	3184	3188
3183	3184	3189
3183	3184	3190
3183	3184	3191
3192	3193	3194
3192	3193	3195
3192	3193	3196
3192	3193	3197
3192	3193	3198
3192	3193	3199
3192	3193	3200
3201	3202	3203
3201	3202	3204
3201	3202	3205
3201	3202	3206
3201	3202	3207
3201	3202	3208
3201	3202	3209
3201	3202	3210
3201	3202	3211
3201	3202	3212
3201	3202	3213
3201	3202	3214
3201	3202	3215
3201	3202	3216
3201	3202	3217
3201	3202	3218
3219	3220	638
3219	3220	3221
3219	3220	3222
3219	3220	3223
3219	3220	3224
3219	3220	3225
3219	3220	3226
3219	3220	3227
3228	3229	3230
3228	3229	3231
3228	3229	3232
3233	3234	3235
3233	3234	3236
3233	3234	3237
3233	3234	3238
3233	3234	3239
3233	3234	3240
3241	3242	3243
3244	3245	3246
3244	3245	3247
3244	3245	3248
3244	3245	3249
3244	3245	3250
3244	3245	3251
3244	3245	3252
3244	3245	3253
3244	3245	3254
3244	3245	3255
3256	3257	3258
3256	3257	3259
3256	3257	3260
3256	3257	3261
3256	3257	3262
3256	3257	3263
3256	3257	3264
3256	3257	3265
3256	3257	3266
3256	3257	3267
3268	3269	3270
3268	3269	3271
3268	3269	3272
3268	3269	3273
3268	3269	3274
3268	3269	3275
3268	3269	3276
3268	3269	3277
3268	3269	3278
3268	3269	3279
3280	3281	3282
3280	3281	3283
3280	3281	3284
3280	3281	3285
3280	3281	3286
3287	3288	3289
3287	3288	3290
3287	3288	3291
3287	3288	3292
3287	3288	3293
3287	3288	3294
3287	3288	3295
3287	3288	3296
3287	3288	3297
3287	3288	3298
3299	3300	3301
3299	3300	3302
3299	3300	3303
3299	3300	3304
3299	3300	3305
3299	3300	3306
3299	3300	3307
3299	3300	3308
3299	3300	3309
3299	3300	3310
3311	3312	3313
3311	3312	3314
3311	3312	3315
3311	3312	3316
3311	3312	3317
3311	3312	3318
3311	3312	3319
3311	3312	3320
3311	3312	3321
3311	3312	3322
3323	3324	3325
3323	3324	3326
3323	3324	3327
3323	3324	3328
3323	3324	3329
3323	3324	3330
3323	3324	3331
3323	3324	3332
3323	3324	3333
3323	3324	3334
3335	3336	3337
3335	3336	3338
3335	3336	3339
3335	3336	3340
3335	3336	3341
3342	3343	3344
3345	3346	3347
3345	3346	3348
3345	3346	3349
3345	3346	3350
3345	3346	3351
3345	3346	3352
3345	3346	3353
3345	3346	3354
3345	3346	3355
3345	3346	3356
3357	3358	3359
3357	3358	3360
3357	3358	3361
3357	3358	3362
3357	3358	3363
3357	3358	3364
3357	3358	3365
3357	3358	3366
3357	3358	3367
3357	3358	3368
3369	3370	3371
3369	3370	3372
3369	3370	3373
3369	3370	3374
3369	3370	3375
3369	3370	3376
3369	3370	3377
3369	3370	3378
3369	3370	3379
3369	3370	3380
3381	3382	3383
3381	3382	3384
3385	3386	3387
3385	3386	3388
3385	3386	3389
3385	3386	3390
3385	3386	3391
3392	3393	3394
3392	3393	3395
3392	3393	3396
3392	3393	3397
3392	3393	203
3392	3393	3398
3399	3400	3401
3399	3400	3402
3399	3400	3403
3399	3400	3404
3399	3400	3405
3399	3400	3406
3399	3400	3407
3399	3400	3408
3399	3400	3409
3399	3400	3410
3411	3412	3413
3411	3412	3414
3411	3412	3415
3411	3412	3416
3411	3412	3417
3411	3412	3418
3411	3412	3419
3411	3412	3420
3411	3412	3421
3411	3412	3422
3423	3424	3425
3423	3424	3426
3423	3424	3427
3423	3424	3428
3423	3424	3429
3423	3424	3430
3423	3424	3431
3423	3424	3432
3423	3424	3433
3423	3424	3434
3435	3436	3437
3435	3436	3438
3435	3436	3439
3435	3436	3440
3435	3436	3441
3435	3436	3442
3435	3436	3443
3435	3436	3444
3435	3436	3445
3435	3436	3446
3447	3448	3449
3447	3448	3450
3447	3448	3451
3452	3453	3454
3452	3453	3455
3452	3453	3456
3452	3453	3457
3452	3453	3458
3452	3453	3459
3452	3453	3460
3452	3453	3461
3452	3453	3462
3452	3453	3463
3464	3465	3466
3464	3465	3467
3464	3465	3468
3464	3465	3469
3464	3465	3470
3464	3465	3471
3464	3465	3472
3464	3465	3473
3464	3465	3474
3464	3465	3475
3476	3477	3478
3476	3477	3479
3476	3477	3480
3476	3477	3481
3476	3477	3482
3476	3477	3483
3476	3477	3484
3476	3477	3485
3476	3477	3486
3476	3477	3487
3476	3477	3488
3476	3477	3489
3476	3477	3490
3476	3477	3491
3492	3493	3494
3492	3493	3495
3492	3493	3496
3492	3493	3497
3492	3493	3498
3492	3493	3499
3492	3493	3500
3492	3493	3501
3492	3493	3502
3492	3493	3503
3504	3505	3506
3504	3505	3507
3504	3505	3508
3504	3505	3509
3504	3505	3510
3504	3505	3511
3504	3505	3512
3513	3514	3515
3513	3514	3516
3513	3514	3517
3513	3514	3518
3519	3520	3521
3519	3520	3522
3519	3520	3523
3524	3525	3526
3524	3525	3527
3524	3525	3528
3524	3525	3529
3524	3525	3530
3524	3525	3531
3524	3525	3532
3524	3525	3533
3524	3525	3534
3524	3525	3535
3536	3537	3538
3539	3540	3541
3539	3540	3542
3539	3540	3543
3539	3540	3544
3539	3540	3545
3546	3547	3548
3546	3547	3549
3546	3547	3550
3546	3547	3551
3546	3547	3552
3546	3547	3553
3546	3547	3554
3546	3547	3555
3546	3547	3556
3546	3547	3557
3558	3559	3560
3558	3559	3561
3558	3559	3562
3558	3559	3563
3558	3559	3564
3558	3559	3565
3558	3559	3566
3558	3559	3567
3558	3559	3568
3558	3559	3569
3570	3571	3572
3570	3571	3573
3574	3575	3576
3574	3575	3577
3574	3575	3578
3574	3575	3579
3574	3575	3580
3574	3575	3581
3582	3583	3584
3582	3583	3585
3586	3587	3588
3586	3587	3589
3586	3587	3590
3591	3592	3593
3591	3592	3594
3591	3592	3595
3591	3592	3596
3591	3592	3597
3591	3592	3598
3591	3592	3599
3591	3592	3600
3591	3592	3601
3591	3592	3602
3603	3604	3605
3603	3604	3606
3603	3604	3607
3603	3604	3608
3603	3604	3609
3603	3604	3610
3603	3604	3611
3603	3604	3612
3603	3604	3613
3603	3604	3614
3615	3616	3617
3615	3616	3618
3615	3616	3619
3615	3616	3620
3615	3616	3621
3615	3616	3622
3615	3616	3623
3615	3616	3624
3615	3616	3625
3615	3616	3626
3627	3628	3629
3627	3628	3630
3627	3628	3631
3632	3633	3634
3632	3633	3635
3632	3633	3636
3632	3633	3637
3632	3633	3638
3632	3633	3639
3632	3633	3640
3632	3633	3641
3632	3633	3642
3632	3633	3643
3644	3645	3646
3644	3645	3647
3644	3645	3648
3644	3645	3649
3644	3645	3650
3644	3645	3651
3644	3645	3652
3644	3645	3653
3644	3645	3654
3644	3645	3655
3656	3657	3658
3656	3657	3659
3656	3657	3660
3656	3657	3661
3656	3657	3662
3656	3657	3663
3656	3657	3664
3656	3657	3665
3656	3657	3666
3656	3657	3667
3656	3657	3668
3656	3657	3669
3656	3657	3670
3656	3657	3671
3656	3657	3672
3673	3674	3675
3673	3674	3676
3673	3674	3677
3673	3674	3678
3673	3674	3679
3680	3681	3682
3680	3681	3683
3680	3681	3684
3680	3681	3685
3680	3681	3686
3680	3681	3687
3680	3681	3688
3680	3681	3689
3680	3681	3690
3680	3681	3691
3692	3693	3694
3692	3693	3695
3692	3693	3696
3692	3693	3697
3692	3693	3698
3692	3693	3699
3692	3693	3700
3692	3693	3701
3692	3693	3702
3692	3693	3703
3704	3705	3706
3704	3705	3707
3704	3705	3708
3704	3705	3709
3704	3705	3710
3704	3705	3711
3704	3705	3712
3704	3705	3713
3704	3705	3714
3704	3705	3715
3716	3717	3718
3716	3717	3719
3716	3717	3720
3716	3717	3721
3716	3717	3722
3716	3717	3723
3716	3717	3724
3716	3717	3725
3716	3717	3726
3716	3717	3727
3728	3729	3730
3728	3729	3731
3728	3729	3732
3728	3729	3733
3728	3729	3734
3728	3729	3735
3728	3729	3736
3728	3729	3737
3728	3729	3738
3728	3729	3739
3740	3741	3742
3740	3741	3743
3740	3741	3744
3740	3741	3745
3740	3741	3746
3740	3741	3747
3748	3749	3750
3751	3752	3753
3751	3752	3754
3751	3752	3755
3751	3752	3756
3751	3752	3757
3751	3752	3758
3751	3752	3759
3751	3752	3760
3751	3752	3761
3751	3752	3762
3763	3764	3765
3763	3764	3766
3763	3764	3767
3763	3764	3768
3769	3770	3771
3769	3770	3772
3769	3770	3773
3769	3770	3774
3769	3770	3775
3769	3770	3776
3769	3770	3777
3769	3770	3778
3769	3770	3779
3769	3770	3780
3781	203	3782
3781	203	3783
3781	203	3784
3781	203	3785
3781	203	3786
3781	203	3787
3781	203	3788
3781	203	3789
3781	203	3790
3781	203	3791
3792	3793	3794
3792	3793	3795
3792	3793	3796
3792	3793	3797
3792	3793	3798
3792	3793	3799
3800	3801	3802
3800	3801	3803
3800	3801	3804
3800	3801	3805
3800	3801	3806
3800	3801	3807
3800	3801	3808
3800	3801	3809
3800	3801	3810
3800	3801	3811
3812	3813	3814
3812	3813	3815
3812	3813	3816
3812	3813	3817
3812	3813	3818
3812	3813	3819
3812	3813	3820
3812	3813	3821
3812	3813	3822
3812	3813	3823
3824	3825	3826
3824	3825	3827
3824	3825	3828
3824	3825	3829
3824	3825	3830
3824	3825	3831
3824	3825	3832
3824	3825	3833
3824	3825	3834
3824	3825	3835
3836	3837	3838
3836	3837	3839
3836	3837	3840
3836	3837	3841
3836	3837	3842
3836	3837	3843
3836	3837	3844
3836	3837	3845
3846	3847	3848
3846	3847	3849
3846	3847	3850
3851	3852	3853
3851	3852	3854
3851	3852	3855
3851	3852	3856
3851	3852	3857
3851	3852	3858
3851	3852	3859
3851	3852	3860
3851	3852	3861
3851	3852	3862
3863	3864	3865
3866	3867	3868
3866	3867	3869
3866	3867	3870
3866	3867	3871
3866	3867	3872
3866	3867	3873
3866	3867	3874
3866	3867	3875
3866	3867	3876
3877	3878	3879
3877	3878	3880
3877	3878	3881
3877	3878	3882
3883	3884	3885
3883	3884	3886
3883	3884	3887
3883	3884	3888
3889	3890	3891
3889	3890	3892
3889	3890	3893
3889	3890	3894
3889	3890	3895
3889	3890	3896
3889	3890	3897
3889	3890	3898
3889	3890	3899
3900	3901	3902
3900	3901	3903
3900	3901	3904
3900	3901	3905
3900	3901	3906
3900	3901	3907
3900	3901	3908
3900	3901	3909
3900	3901	3910
3900	3901	3911
3912	3913	3914
3912	3913	3915
3912	3913	3916
3912	3913	3829
3912	3913	3917
3912	3913	3918
3912	3913	3919
3912	3913	3920
3912	3913	3921
3922	3923	3924
3922	3923	3925
3922	3923	3926
3922	3923	3927
3922	3923	3928
3922	3923	3929
3922	3923	3930
3922	3923	3931
3922	3923	3932
3922	3923	3933
3934	3935	3936
3934	3935	3937
3934	3935	3938
3934	3935	3939
3934	3935	3940
3934	3935	3941
3934	3935	3942
3934	3935	3943
3934	3935	3944
3934	3935	3945
3946	3947	3948
3946	3947	3949
3946	3947	3950
3946	3947	3951
3946	3947	3952
3946	3947	3953
3946	3947	3954
3946	3947	3955
3946	3947	3956
3946	3947	3957
3958	3959	3960
3958	3959	3961
3958	3959	3962
3958	3959	3963
3964	3965	3966
3964	3965	3967
3964	3965	3968
3964	3965	3969
3964	3965	3970
3964	3965	3971
3964	3965	3972
3964	3965	3973
3964	3965	3974
3964	3965	3975
3976	3977	3978
3976	3977	3979
3976	3977	3980
3976	3977	3981
3976	3977	3982
3976	3977	3983
3976	3977	3984
3976	3977	3985
3976	3977	3986
3976	3977	3987
3988	3989	3990
3988	3989	3991
3988	3989	3992
3988	3989	3993
3988	3989	3994
3988	3989	3995
3988	3989	3996
3988	3989	3997
3988	3989	3998
3988	3989	3999
4000	4001	4002
4000	4001	4003
4000	4001	4004
4000	4001	4005
4000	4001	4006
4000	4001	4007
4000	4001	4008
4000	4001	4009
4000	4001	4010
4000	4001	4011
4012	4013	4014
4012	4013	4015
4012	4013	4016
4012	4013	4017
4012	4013	4018
4012	4013	4019
4012	4013	796
4012	4013	4020
4012	4013	4021
4012	4013	4022
4023	4024	4025
4023	4024	4026
4023	4024	4027
4023	4024	4028
4023	4024	4029
4023	4024	4030
4023	4024	4031
4023	4024	4032
4023	4024	4033
4023	4024	4034
4035	4036	4037
4035	4036	4038
4035	4036	4039
4035	4036	4040
4035	4036	4041
4035	4036	4042
4035	4036	4043
4044	4045	4046
4044	4045	4047
4044	4045	4048
4044	4045	4049
4044	4045	4050
4044	4045	4051
4044	4045	4052
4044	4045	4053
4044	4045	4054
4044	4045	4055
4056	4057	4058
4056	4057	4059
4056	4057	4060
4056	4057	4061
4056	4057	4062
4056	4057	4063
4056	4057	4064
4056	4057	4065
4056	4057	4066
4056	4057	4067
4056	4057	4068
4056	4057	4069
4056	4057	4070
4071	4072	4073
4071	4072	4074
4071	4072	4075
4071	4072	4076
4077	4078	4079
4077	4078	4080
4077	4078	4081
4077	4078	4082
4077	4078	4083
4077	4078	4084
4077	4078	4085
4077	4078	4086
4077	4078	4087
4077	4078	4088
4089	4090	4091
4089	4090	4092
4089	4090	4093
4089	4090	4094
4089	4090	4095
4089	4090	4096
4089	4090	4097
4089	4090	4098
4089	4090	4099
4089	4090	4100
4101	4102	4103
4101	4102	4104
4101	4102	4105
4101	4102	4106
4101	4102	4107
4108	4109	4110
4111	4112	4113
4111	4112	4114
4111	4112	4115
4111	4112	4116
4111	4112	4117
4111	4112	4118
4119	4120	4121
4119	4120	4122
4119	4120	4123
4119	4120	4124
4125	4126	4127
4125	4126	4128
4125	4126	4129
4125	4126	4130
4125	4126	4131
4125	4126	4132
4125	4126	4133
4125	4126	4134
4125	4126	4135
4125	4126	4136
4137	4138	4139
4137	4138	4140
4141	4142	4143
4141	4142	4144
4141	4142	4145
4141	4142	4146
4141	4142	4147
4141	4142	4148
4141	4142	4149
4141	4142	4150
4141	4142	4151
4141	4142	4152
4153	4154	4155
4153	4154	4156
4153	4154	4157
4153	4154	796
4153	4154	4158
4153	4154	4159
4153	4154	4160
4153	4154	4161
4153	4154	4162
4153	4154	4163
4164	4165	4166
4164	4165	4167
4164	4165	4168
4169	4170	4171
4169	4170	4172
4169	4170	4173
4169	4170	4174
4169	4170	4175
4169	4170	4176
4169	4170	4177
4169	4170	4178
4169	4170	4179
4169	4170	4180
4181	4182	4183
4181	4182	4184
4181	4182	4185
4186	4187	4188
4186	4187	4189
4186	4187	4190
4191	4192	4193
4191	4192	4194
4191	4192	4195
4191	4192	4196
4191	4192	4197
4191	4192	4198
4191	4192	4199
4191	4192	4200
4191	4192	4201
4202	4203	4204
4202	4203	4205
4202	4203	4206
4202	4203	4207
4202	4203	4208
4209	4210	4211
4209	4210	4212
4209	4210	4213
4209	4210	4214
4215	4216	4217
4215	4216	4218
4215	4216	4219
4215	4216	4220
4215	4216	4221
4215	4216	4222
4215	4216	4223
4215	4216	4224
4215	4216	4225
4215	4216	4226
4227	4228	4229
4227	4228	4230
4227	4228	4231
4232	4233	4234
4232	4233	4235
4232	4233	4236
4232	4233	4237
4232	4233	4238
4232	4233	4239
4232	4233	4240
4232	4233	4241
4232	4233	4242
4232	4233	4243
4244	4245	4246
4244	4245	4247
4244	4245	4248
4244	4245	4249
4244	4245	4250
4244	4245	4251
4244	4245	4252
4244	4245	4253
4244	4245	4254
4244	4245	4255
4256	4257	4258
4259	4260	4261
4259	4260	4262
4259	4260	4263
4259	4260	4264
4259	4260	4265
4266	4267	4268
4266	4267	4269
4266	4267	4270
4266	4267	4271
4266	4267	4272
4273	4274	4275
4273	4274	4276
4273	4274	4277
4273	4274	4278
4273	4274	4279
4273	4274	4280
4273	4274	4281
4273	4274	4282
4273	4274	4283
4273	4274	4284
4285	4286	4287
4285	4286	4288
4285	4286	4289
4290	4291	4292
4290	4291	4293
4290	4291	4294
4290	4291	4295
4296	4297	4298
4296	4297	4299
4296	4297	4300
4296	4297	4301
4296	4297	4302
4303	4304	4305
4303	4304	4306
4303	4304	4307
4303	4304	4308
4303	4304	4309
4303	4304	4310
4303	4304	4311
4303	4304	4312
4303	4304	4313
4303	4304	4314
4315	4316	4317
4315	4316	4318
4315	4316	4319
4315	4316	4320
4321	4322	4323
4321	4322	4324
4321	4322	4325
4326	4327	4328
4326	4327	4329
4330	4331	4332
4333	4334	4335
4333	4334	4336
4333	4334	4337
4333	4334	4338
4333	4334	4339
4333	4334	4340
4333	4334	4341
4333	4334	4342
4333	4334	4343
4333	4334	4344
4333	4334	4345
4346	4347	4348
4346	4347	4349
4346	4347	4350
4346	4347	4351
4346	4347	4352
4346	4347	4353
4346	4347	4354
4346	4347	4355
4346	4347	4356
4346	4347	4357
4358	4359	4360
4358	4359	4361
4358	4359	4362
4358	4359	4363
4358	4359	4364
4365	4366	4367
4368	4369	4370
4368	4369	4371
4368	4369	4372
4368	4369	4373
4368	4369	4374
4368	4369	4375
4368	4369	4376
4368	4369	4377
4368	4369	4378
4368	4369	4379
4380	4381	4382
4380	4381	4383
4380	4381	4384
4380	4381	4385
4380	4381	4386
4380	4381	4387
4380	4381	4388
4380	4381	4389
4380	4381	4390
4380	4381	4391
4380	4381	4392
4393	4394	4395
4393	4394	4396
4393	4394	4397
4393	4394	4398
4393	4394	4399
4393	4394	4400
4393	4394	4401
4393	4394	4402
4393	4394	4403
4393	4394	4404
4405	4406	4407
4405	4406	4408
4405	4406	4409
4405	4406	4410
4405	4406	4411
4412	4413	4414
4412	4413	4415
4412	4413	4416
4412	4413	4417
4412	4413	4418
4419	4420	4421
4419	4420	4422
4419	4420	4423
4419	4420	4424
4419	4420	4425
4419	4420	4426
4419	4420	4427
4419	4420	4428
4419	4420	4429
4419	4420	4430
4419	4420	4431
4419	4420	4432
4419	4420	4433
4419	4420	4434
4419	4420	4435
4419	4420	4436
4419	4420	4437
4419	4420	4438
4419	4420	4439
4419	4420	4440
4419	4420	4441
4419	4420	4442
4419	4420	4443
4419	4420	4444
4419	4420	4445
4419	4420	4446
4419	4420	4447
4419	4420	4448
4419	4420	4449
4419	4420	4450
4419	4420	4451
4419	4420	4452
4419	4420	4453
4419	4420	4454
4419	4420	4455
4419	4420	4456
4419	4420	4457
4419	4420	4458
4419	4420	4459
4419	4420	4460
4419	4420	4461
4419	4420	4462
4419	4420	4463
4419	4420	4464
4419	4420	4465
4419	4420	4466
4419	4420	4467
4419	4420	4468
4419	4420	4469
4419	4420	4470
4419	4420	4471
4419	4420	4472
4419	4420	4473
4419	4420	4474
4419	4420	4475
4419	4420	4476
4419	4420	4477
4419	4420	4478
4419	4420	4479
4419	4420	4480
4419	4420	4481
4419	4420	4482
4419	4420	4483
4419	4420	4484
4419	4420	4485
4419	4420	4486
4419	4420	4487
4419	4420	4488
4419	4420	4489
4419	4420	4490
4419	4420	4491
4419	4420	4492
4419	4420	4493
4419	4420	4494
4419	4420	4495
4419	4420	4496
4419	4420	4497
4419	4420	4498
4419	4420	4499
4419	4420	4500
4419	4420	4501
4419	4420	4502
4419	4420	4503
4419	4420	4504
4419	4420	4505
4419	4420	4506
4419	4420	4507
4419	4420	4508
4419	4420	4509
4419	4420	4510
4419	4420	4511
4419	4420	4512
4419	4420	4513
4419	4420	4514
4419	4420	4515
4419	4420	4516
4419	4420	4517
4419	4420	4518
4419	4420	4519
4419	4420	4520
4419	4420	4521
4419	4420	4522
4419	4420	4523
4419	4420	4524
4419	4420	4525
4419	4420	4526
4419	4420	4527
4419	4420	4528
4419	4420	4529
4419	4420	4530
4419	4420	4531
4419	4420	4532
4419	4420	4533
4419	4420	4534
4419	4420	4535
4419	4420	4536
4419	4420	4537
4538	4539	4540
4538	4539	4541
4538	4539	4542
4538	4539	4543
4544	4545	4546
4544	4545	4547
4544	4545	4548
4544	4545	4549
4544	4545	4550
4551	4552	4553
4551	4552	4554
4551	4552	4555
4551	4552	4556
4551	4552	4557
4551	4552	4558
4551	4552	4559
4551	4552	945
4551	4552	4560
4561	4562	4563
4561	4562	4564
4561	4562	4565
4561	4562	4566
4561	4562	4567
4561	4562	4568
4561	4562	4569
4561	4562	4570
4561	4562	4571
4561	4562	4572
4573	4574	4575
4573	4574	4576
4573	4574	4577
4573	4574	4578
4573	4574	4579
4580	4581	4582
4580	4581	4583
4580	4581	4584
4580	4581	4585
4580	4581	4586
4580	4581	4587
4580	4581	4588
4580	4581	4589
4580	4581	4590
4580	4581	4591
4592	4593	4594
4592	4593	4595
4592	4593	4596
4592	4593	4597
4592	4593	4598
4592	4593	4599
4592	4593	4600
4592	4593	4601
4592	4593	4602
4592	4593	4603
4604	4605	4606
4604	4605	4607
4604	4605	4608
4604	4605	4609
4604	4605	4610
4604	4605	4611
4604	4605	4612
4604	4605	4613
4604	4605	4614
4604	4605	4615
4604	4605	4616
4604	4605	203
4604	4605	4617
4604	4605	4618
4604	4605	4619
4604	4605	4620
4604	4605	4621
4622	4623	4624
4625	4626	4627
4625	4626	4628
4625	4626	4629
4625	4626	4630
4625	4626	4631
4625	4626	4632
4625	4626	4633
4625	4626	4634
4625	4626	4635
4625	4626	4636
4625	4626	4637
4625	4626	4638
4625	4626	4639
4625	4626	4640
4625	4626	4641
4625	4626	4642
4625	4626	4643
4625	4626	4644
4625	4626	4645
4625	4626	4646
4625	4626	4647
4648	4649	4650
4648	4649	4651
4648	4649	4652
4648	4649	4653
4648	4649	4654
4648	4649	4655
4648	4649	4656
4648	4649	4657
4648	4649	4658
4648	4649	4659
4660	4661	4662
4660	4661	4663
4660	4661	4664
4660	4661	4665
4660	4661	4666
4660	4661	4667
4660	4661	4668
4660	4661	4669
4660	4661	4670
4660	4661	4671
4672	4673	4674
4672	4673	4675
4672	4673	4676
4672	4673	4677
4672	4673	4678
4679	4680	4681
4679	4680	4682
4679	4680	4683
4679	4680	4684
4679	4680	4685
4679	4680	4686
4679	4680	4687
4679	4680	4688
4679	4680	4689
4679	4680	4690
4691	4692	4693
4691	4692	4694
4691	4692	4695
4691	4692	4696
4691	4692	4697
4691	4692	4698
4691	4692	4699
4691	4692	4700
4691	4692	4701
4691	4692	4702
4703	4704	4705
4703	4704	4706
4703	4704	4707
4703	4704	4708
4703	4704	4709
4703	4704	4710
4703	4704	4711
4703	4704	4712
4703	4704	4713
4703	4704	4714
4715	4716	4717
4715	4716	4718
4715	4716	4719
4715	4716	4720
4721	4722	4723
4721	4722	4724
4721	4722	4725
4721	4722	4726
4721	4722	4727
4721	4722	4728
4721	4722	4729
4721	4722	4730
4721	4722	4731
4721	4722	4732
4721	4722	4733
4721	4722	4734
4721	4722	4735
4721	4722	4736
4721	4722	4737
4721	4722	4738
4721	4722	4739
4740	4741	4742
4740	4741	4743
4740	4741	4744
4740	4741	4745
4740	4741	4746
4740	4741	4747
4740	4741	4748
4740	4741	4749
4740	4741	4750
4740	4741	4751
4752	4753	4754
4752	4753	4755
4752	4753	4756
4752	4753	4757
4752	4753	4758
4752	4753	4759
4752	4753	4760
4752	4753	4761
4752	4753	4762
4752	4753	4763
4764	4765	4766
4764	4765	4767
4764	4765	4768
4764	4765	4769
4770	4771	4772
4770	4771	4773
4770	4771	4774
4770	4771	4775
4770	4771	4776
4770	4771	4777
4770	4771	4778
4770	4771	4779
4770	4771	4780
4781	4782	4783
4781	4782	4784
4781	4782	4785
4781	4782	4786
4781	4782	4787
4781	4782	4788
4781	4782	4789
4781	4782	4790
4781	4782	4791
4781	4782	4792
4793	4794	4795
4793	4794	4796
4793	4794	4797
4798	4799	4800
4798	4799	4801
4798	4799	4802
4798	4799	4803
4798	4799	4804
4798	4799	4805
4798	4799	4806
4798	4799	4807
4798	4799	4808
4798	4799	4809
4810	4811	4812
4810	4811	4813
4810	4811	4814
4810	4811	4815
4810	4811	4816
4810	4811	4817
4810	4811	4818
4810	4811	4819
4810	4811	4820
4810	4811	4821
4822	4823	4824
4822	4823	4825
4822	4823	4826
4822	4823	4827
4822	4823	4828
4822	4823	4829
4822	4823	4830
4822	4823	4831
4822	4823	4832
4822	4823	4833
4822	4823	4834
4822	4823	4835
4822	4823	4836
4822	4823	4837
4822	4823	4838
4822	4823	4839
4822	4823	4840
4822	4823	4841
4822	4823	4842
4822	4823	4843
4822	4823	4844
4822	4823	4845
4822	4823	4846
4822	4823	4847
4822	4823	4848
4822	4823	4849
4822	4823	4850
4822	4823	4851
4822	4823	4852
4822	4823	4853
4822	4823	4854
4822	4823	4855
4822	4823	4856
4822	4823	4857
4822	4823	4858
4822	4823	4859
4822	4823	4860
4822	4823	4861
4822	4823	4862
4863	4864	4865
4863	4864	4866
4863	4864	4867
4863	4864	4868
4863	4864	4869
4863	4864	4870
4871	4872	4873
4874	4875	4876
4874	4875	4877
4874	4875	4878
4874	4875	4879
4874	4875	4880
4881	4882	4883
4881	4882	4884
4881	4882	4885
4881	4882	4886
4881	4882	4887
4881	4882	4888
4881	4882	4889
4881	4882	4890
4881	4882	4891
4881	4882	4892
4893	4894	4895
4893	4894	4896
4893	4894	4897
4893	4894	4898
4893	4894	4899
4893	4894	4900
4893	4894	4901
4893	4894	4902
4893	4894	4903
4893	4894	4904
4905	4906	4907
4905	4906	4908
4905	4906	4909
4905	4906	4910
4905	4906	4911
4905	4906	4912
4905	4906	4913
4905	4906	4914
4905	4906	4915
4905	4906	4916
4917	4918	4919
4917	4918	4920
4917	4918	4921
4917	4918	4922
4917	4918	4923
4917	4918	4924
4917	4918	4925
4917	4918	4926
4917	4918	4927
4917	4918	4928
4929	4930	4931
4929	4930	4932
4929	4930	4933
4929	4930	4934
4929	4930	4935
4936	4937	4938
4936	4937	4939
4936	4937	4940
4936	4937	4941
4936	4937	4942
4936	4937	4943
4944	4945	4946
4944	4945	4947
4944	4945	4948
4949	4950	4951
4949	4950	4952
4949	4950	4953
4949	4950	4954
4949	4950	4955
4956	4957	4958
4956	4957	4959
4956	4957	4960
4956	4957	4961
4956	4957	4962
4956	4957	4963
4956	4957	4964
4956	4957	4965
4956	4957	4966
4956	4957	4967
4968	4969	4970
4968	4969	4971
4968	4969	4972
4968	4969	4973
4968	4969	4974
4968	4969	4975
4968	4969	4976
4968	4969	4977
4968	4969	4978
4968	4969	4979
4980	4981	4982
4980	4981	4983
4980	4981	4984
4980	4981	4985
4980	4981	4986
4980	4981	4987
4980	4981	4988
4989	4990	4991
4989	4990	4992
4989	4990	4993
4989	4990	4994
4995	4996	4997
4995	4996	4998
4995	4996	4999
4995	4996	5000
4995	4996	5001
4995	4996	5002
4995	4996	5003
4995	4996	5004
4995	4996	5005
4995	4996	5006
5007	5008	5009
5007	5008	5010
5007	5008	5011
5007	5008	5012
5007	5008	5013
5007	5008	5014
5007	5008	5015
5016	5017	5018
5016	5017	5019
5016	5017	5020
5016	5017	5021
5016	5017	5022
5016	5017	5023
5016	5017	5024
5016	5017	5025
5016	5017	5026
5016	5017	5027
5028	5029	5030
5028	5029	5031
5028	5029	5032
5033	5034	5035
5033	5034	5036
5033	5034	5037
5033	5034	5038
5033	5034	5039
5033	5034	5040
5033	5034	5041
5033	5034	5042
5033	5034	5043
5033	5034	5044
5045	5046	5047
5045	5046	5048
5045	5046	5049
5045	5046	5050
5051	5052	5053
5051	5052	5054
5051	5052	5055
5051	5052	5056
5051	5052	5057
5058	5059	5060
5061	5062	5063
5061	5062	5064
5061	5062	5065
5061	5062	5066
5061	5062	5067
5061	5062	5068
5061	5062	5069
5061	5062	5070
5061	5062	5071
5061	5062	5072
5061	5062	5073
5061	5062	5074
5061	5062	5075
5061	5062	5076
5061	5062	5077
5061	5062	5078
5079	5080	5081
5079	5080	5082
5079	5080	5083
5079	5080	5084
5079	5080	5085
5086	5087	5088
5086	5087	5089
5086	5087	5090
5086	5087	5091
5086	5087	5092
5086	5087	5093
5086	5087	5094
5086	5087	5095
5086	5087	5096
5086	5087	5097
5098	5099	5100
5098	5099	5101
5098	5099	5102
5098	5099	5103
5098	5099	5104
5098	5099	5105
5098	5099	5106
5098	5099	5107
5098	5099	5108
5098	5099	5109
5110	5111	5112
5110	5111	5113
5110	5111	5114
5110	5111	5115
5110	5111	5116
5110	5111	5117
5118	5119	5120
5121	5122	5123
5121	5122	5124
5121	5122	5125
5121	5122	5126
5121	5122	5127
5121	5122	5128
5121	5122	5129
5121	5122	5130
5121	5122	5131
5121	5122	203
5132	5133	5134
5132	5133	5135
5132	5133	5136
5132	5133	5137
5132	5133	5138
5132	5133	5139
5132	5133	5140
5132	5133	5141
5132	5133	5142
5132	5133	5143
5144	5145	5146
5147	5148	5149
5147	5148	5150
5147	5148	5151
5147	5148	5152
5153	5154	5155
5153	5154	5156
5153	5154	5157
5153	5154	5158
5153	5154	5159
5160	5161	5162
5160	5161	5163
5160	5161	5164
5160	5161	5165
5160	5161	5166
5160	5161	5167
5160	5161	5168
5160	5161	5169
5160	5161	5170
5171	5172	151
5173	5174	5175
5173	5174	5176
5173	5174	5177
5178	5179	5180
5178	5179	5181
5178	5179	5182
5178	5179	5183
5178	5179	5184
5178	5179	5185
5178	5179	5186
5178	5179	5187
5178	5179	5188
5178	5179	5189
5190	5191	5192
5190	5191	5193
5190	5191	5194
5190	5191	5195
5196	5197	5198
5196	5197	5199
5196	5197	5200
5196	5197	5201
5196	5197	5202
5196	5197	5203
5196	5197	5204
5196	5197	5205
5196	5197	5206
5196	5197	5207
5208	5209	5210
5208	5209	5211
5208	5209	374
5208	5209	5212
5208	5209	5213
5208	5209	5214
5208	5209	5215
5208	5209	5216
5208	5209	5217
5208	5209	5218
5219	5220	5221
5219	5220	5222
5219	5220	5223
5219	5220	5224
5219	5220	5225
5219	5220	5226
5219	5220	5227
5219	5220	5228
5219	5220	5229
5219	5220	5230
5231	5232	5233
5231	5232	5234
5231	5232	5235
5236	5237	5238
5236	5237	5239
5236	5237	5240
5236	5237	5241
5236	5237	5242
5243	5244	5245
5243	5244	5246
5247	5248	5249
5250	5251	5252
5250	5251	5253
5250	5251	5254
5250	5251	5255
5250	5251	5256
5250	5251	5257
5250	5251	5258
5250	5251	5259
5250	5251	5260
5250	5251	5261
5262	5263	5264
5262	5263	5265
5262	5263	5266
5262	5263	5267
5262	5263	5268
5262	5263	5269
5262	5263	5270
5262	5263	5271
5262	5263	5272
5262	5263	5273